SNP	CHR	POS	meta_pval	pheno
chr8:106920372:G:A	8	106920372	0.000167407701183246	g1
chr3:68498445:T:C	3	68498445	0.000244197002397779	g3
chr22:48785864:A:G	22	48785864	0.0010233327859107	g2
chr1:247897239:C:T	1	247897239	0.00114988850895483	g3
chr5:153541577:C:T	5	153541577	0.00127913061963756	g2
chr12:53680144:C:A	12	53680144	0.00142557634584201	g2
chr8:9827297:A:G	8	9827297	0.00148721309434093	g3
chr5:85476293:A:G	5	85476293	0.00201411716813394	g2
chr9:101460357:C:T	9	101460357	0.00215057743162588	g3
chr17:18684803:A:G	17	18684803	0.00215061233871437	g1
chr5:15621966:C:G	5	15621966	0.00219632109343778	g3
chr5:142682003:T:C	5	142682003	0.00258468311025039	g3
chr17:53282498:G:T	17	53282498	0.00260642117027394	g2
chr12:120976632:C:A	12	120976632	0.00292838611014075	g1
chr8:8710521:T:C	8	8710521	0.00303145869893704	g2
chr22:30662128:G:A	22	30662128	0.00334426458428517	g2
chr11:134309503:C:T	11	134309503	0.00360954513442275	g1
chr13:26494236:G:A	13	26494236	0.00450627913886426	g3
chr9:13582959:T:A	9	13582959	0.00494436954647947	g3
chr18:49872731:C:G	18	49872731	0.00529123920974635	g2
chr7:46368666:G:A	7	46368666	0.00601119808690066	g1
chr8:86323708:T:C	8	86323708	0.00621403202037834	g3
chr11:50253126:G:T	11	50253126	0.00650600964126553	g2
chr2:65295480:C:T	2	65295480	0.00673400142363775	g1
chr11:65009160:T:C	11	65009160	0.00684356586629488	g2
chr8:65418628:G:T	8	65418628	0.00703860941658143	g2
chr9:73616570:C:T	9	73616570	0.00730170597258942	g1
chr6:46738257:G:A	6	46738257	0.00730722911590739	g1
chr10:81546102:G:A	10	81546102	0.00732896801408581	g2
chr5:106773905:G:A	5	106773905	0.00788758212574685	g3
chr1:239000642:T:C	1	239000642	0.0078956842662395	g2
chr5:92192959:A:T	5	92192959	0.00791232475195365	g1
chr10:93671121:T:C	10	93671121	0.00803947809051023	g3
chr18:66103927:C:T	18	66103927	0.00849377491493823	g1
chr6:160701242:A:G	6	160701242	0.00850799640688361	g2
chr15:87989871:C:T	15	87989871	0.00863171554721689	g3
chr6:32660000:G:C	6	32660000	0.00891578405107156	g2
chr5:23787194:A:C	5	23787194	0.00900613461419378	g3
chr2:12096367:C:T	2	12096367	0.00913681702653828	g1
chr16:65972427:C:T	16	65972427	0.00935732077443827	g1
chr8:42055528:T:G	8	42055528	0.00935782302352317	g3
chr5:160435085:T:G	5	160435085	0.00941523095130361	g3
chr19:18805179:A:G	19	18805179	0.00946884431721974	g3
chr6:137254996:T:C	6	137254996	0.00976905466246032	g1
chr4:105992845:C:T	4	105992845	0.00992690672052968	g2
