SNP	est	stderr	pval	feature
chr1:14678191:A:C	-1.05226471843312	0.0924883252104257	5.42716668371876e-30	g_Bifidobacterium
chr3:69617754:T:G	-0.551643540712706	0.0602464997488786	5.36369362215455e-20	g_Bilophila
chr9:37013405:C:T	-0.387372185068304	0.0435425270965328	5.76820610296617e-19	g_Lachnospiraceae_NK4A136_group
chr5:76998986:C:A	-0.308688701978566	0.0399636325112254	1.12522368741355e-14	g_Lactococcus
chr4:134350906:C:T	0.220928669561945	0.0305663386969571	4.90728816946313e-13	g_Phascolarctobacterium
chr10:27674317:A:G	0.167894992891894	0.0283192604257735	3.05434698006851e-09	g_Peptoniphilus_unclassified
chr6:53292416:C:G	0.174645924397114	0.0315854998133596	3.21498334336174e-08	g_Incertae_Sedis
