SNP	CHR	POS	pval	pheno
chr8:106920372:G:A	8	106920372	0.000462116707390676	g2
chr16:17779668:G:A	16	17779668	0.00049896650786431	g1
chr22:48785864:A:G	22	48785864	0.000751536549358995	g2
chr5:153541577:C:T	5	153541577	0.000878962028710375	g2
chr5:85476293:A:G	5	85476293	0.000899613531883375	g2
chr4:99262681:C:G	4	99262681	0.00103874877499369	g3
chr9:37992585:C:T	9	37992585	0.00121383649686933	g3
chr5:142682003:T:C	5	142682003	0.00123825042017514	g3
chr13:26494236:G:A	13	26494236	0.00124973541934366	g3
chr17:53282498:G:T	17	53282498	0.00130122038552884	g2
chr8:86323708:T:C	8	86323708	0.00152416786245772	g3
chr8:8710521:T:C	8	8710521	0.0015762085815938	g2
chr2:167199229:C:T	2	167199229	0.0016782820278266	g1
chr16:89303022:G:A	16	89303022	0.00186250278541415	g3
chr20:60073360:C:T	20	60073360	0.00216677379367367	g1
chr12:53680144:C:A	12	53680144	0.00271090507511703	g2
chr4:99355957:G:T	4	99355957	0.00279701864026346	g3
chr11:60456695:C:T	11	60456695	0.00281392828114002	g3
chr18:49872731:C:G	18	49872731	0.00293237244616409	g2
chr6:7642514:C:G	6	7642514	0.00296742482889992	g3
chr21:22007486:G:T	21	22007486	0.00324038199893344	g3
chr6:47717919:C:A	6	47717919	0.00330215032750148	g2
chr22:30662128:G:A	22	30662128	0.00371510431621519	g2
chr19:18805179:A:G	19	18805179	0.00373747457281821	g3
chr6:33148933:A:G	6	33148933	0.00374042382396028	g3
chr18:30059135:A:G	18	30059135	0.00394860879419573	g3
chr11:50253126:G:T	11	50253126	0.00436839472239551	g2
chr2:119455921:A:G	2	119455921	0.00453191908246008	g1
chr2:49994518:G:A	2	49994518	0.00517000903704723	g3
chr6:32660000:G:C	6	32660000	0.00527152105821733	g2
chr11:65009160:T:C	11	65009160	0.00536096724807025	g2
chr1:239000642:T:C	1	239000642	0.00543224954108819	g2
chr7:46368666:G:A	7	46368666	0.00565169749145833	g1
chr5:106773905:G:A	5	106773905	0.00578259016734057	g1
chr12:126449337:A:G	12	126449337	0.00586957573352839	g3
chr14:81884763:T:G	14	81884763	0.0061683133024313	g3
chr4:189912372:C:T	4	189912372	0.00636691276212771	g1
chr4:154030957:C:G	4	154030957	0.00643343748503054	g1
chr1:171350391:G:A	1	171350391	0.00711956936103803	g3
chr17:66971178:A:G	17	66971178	0.00724099930795844	g3
chr2:85744328:G:A	2	85744328	0.00758547908699406	g1
chr6:137254996:T:C	6	137254996	0.00780507217062916	g1
chr10:81546102:G:A	10	81546102	0.00863117526016272	g2
chr11:133238417:A:G	11	133238417	0.0086730893086166	g3
chr6:167509019:C:T	6	167509019	0.00867852798962644	g1
chr8:89525432:A:G	8	89525432	0.00874726860052379	g1
chr14:56254615:G:A	14	56254615	0.00890001999181515	g2
chr7:117145973:C:G	7	117145973	0.00914705188284332	g3
chr15:97043895:A:G	15	97043895	0.00963362580039228	g2
