SNP	CHR	POS	meta_pval	pheno
chr1:14678191:A:C	1	14678191	5.42716668371876e-30	g_Bifidobacterium
chr3:69617754:T:G	3	69617754	5.36369362215455e-20	g_Bilophila
chr9:37013405:C:T	9	37013405	5.76820610296617e-19	g_Lachnospiraceae_NK4A136_group
chr5:76998986:C:A	5	76998986	1.12522368741355e-14	g_Lactococcus
chr4:134350906:C:T	4	134350906	4.90728816946313e-13	g_Phascolarctobacterium
chr10:27674317:A:G	10	27674317	3.05434698006851e-09	g_Peptoniphilus_unclassified
chr6:53292416:C:G	6	53292416	3.21498334336174e-08	g_Incertae_Sedis
