SNP	CHR	POS	meta_pval	pheno
chr3:69617754:T:G	3	69617754	3.77471034392302e-23	g_Bilophila
chr9:37013405:C:T	9	37013405	9.30987172538233e-21	g_Lachnospiraceae_NK4A136_group
chr5:76998986:C:A	5	76998986	2.07612616189669e-17	g_Lactococcus
chr4:134350906:C:T	4	134350906	1.47823996011635e-16	g_Phascolarctobacterium
chr6:53292416:C:G	6	53292416	1.44680728438546e-10	g_Incertae_Sedis
chr10:27674317:A:G	10	27674317	5.02607964026908e-10	g_Peptoniphilus_unclassified
chr1:14678191:A:C	1	14678191	8.43146873757685e-09	g_Finegoldia_unclassified
