SNP	CHR	POS	meta_est	meta_stderr	meta_pval	meta_pval.het	study1_est	study1_stderr	study2_est	study2_stderr	study3_est	study3_stderr
chr16:17779668:G:A	16	17779668	0.257613069144243	0.0739988751845948	0.00049896650786431	0.808988842637335	0.250968204224551	0.142395340152354	0.218719762717872	0.107535292949042	0.336438639580389	0.146136077507273
chr2:167199229:C:T	2	167199229	-0.436916336426914	0.139059088380672	0.0016782820278266	0.654365024350052	-0.265007813166681	0.255710724378329	-0.461241617825391	0.196352330152455	-0.627533439846818	0.308866228661502
chr4:99262681:C:G	4	99262681	-0.258267903330037	0.0835686334299132	0.00199827520559639	0.384599057407155	-0.419827902316533	0.164772248507478	-0.155214211805454	0.114015880785184	-0.325431067398346	0.184326368790671
chr20:60073360:C:T	20	60073360	-0.207297393108013	0.0676035880989438	0.00216677379367367	0.530372639640619	-0.163655612820596	0.111560660282045	-0.304943536138957	0.110984489129544	-0.130108704384324	0.132136949448217
chr6:7642514:C:G	6	7642514	-0.192370241289374	0.0671837481257454	0.00419194012332705	0.772019588461712	-0.231332066727668	0.114612592106332	-0.203281811201563	0.0987276440427237	-0.0969804019569239	0.152802043253651
chr2:119455921:A:G	2	119455921	0.213130510466772	0.0750843217583821	0.00453191908246008	0.465587609504522	0.217098774349391	0.122467439652076	0.104462642016816	0.128174936106271	0.340546941089607	0.141654288447791
chr7:46368666:G:A	7	46368666	-0.369379748456098	0.133478599943434	0.00565169749145833	0.335863065334053	-0.667839374233946	0.31637325891326	-0.434036149995309	0.192037033342249	-0.120433634745104	0.229291755986179
chr5:106773905:G:A	5	106773905	-0.237937884918639	0.0862137103308634	0.00578259016734057	0.918357147578541	-0.17751212633739	0.174698924511802	-0.265362486955172	0.122637008991232	-0.242371430175548	0.168351747830459
chr4:189912372:C:T	4	189912372	-0.218523389121527	0.0800962060577299	0.00636691276212771	0.144130421305843	-0.46256513461793	0.147966772630908	-0.127330457568025	0.113223162424803	-0.0932588855731004	0.17624231536265
chr4:154030957:C:G	4	154030957	-0.293563012363819	0.107736220707355	0.00643343748503054	0.82507672580296	-0.364710815566986	0.165494006057102	-0.266891969102188	0.174539096648561	-0.191148580247824	0.243855400150632
