SNP	CHR	POS	est	stderr	pval	qval	pval.het	qval.het
chr16:17779668:G:A	16	17779668	0.257613069144243	0.0739988751845947	0.0004989665078643	0.0014968995235929	0.808988842637334	0.808988842637334
chr2:167199229:C:T	2	167199229	-0.436916336426913	0.139059088380672	0.00167828202782661	0.00503484608347984	0.654365024350052	0.654365024350052
chr4:99262681:C:G	4	99262681	-0.258267903330037	0.0835686334299134	0.00199827520559642	0.00299741280839463	0.384599057407156	0.948088947591632
chr20:60073360:C:T	20	60073360	-0.207297393108013	0.0676035880989438	0.00216677379367366	0.00650032138102098	0.53037263964062	0.79555895946093
chr6:7642514:C:G	6	7642514	-0.192370241289374	0.0671837481257453	0.00419194012332702	0.00628791018499053	0.772019588461713	0.772019588461713
chr2:119455921:A:G	2	119455921	0.213130510466772	0.0750843217583822	0.00453191908246009	0.0129405552604137	0.465587609504521	0.465587609504521
chr7:46368666:G:A	7	46368666	-0.369379748456098	0.133478599943434	0.00565169749145831	0.0169550924743749	0.335863065334053	0.492871358823762
chr5:106773905:G:A	5	106773905	-0.237937884918639	0.0862137103308634	0.00578259016734055	0.00974294678283745	0.918357147578542	0.918357147578542
chr4:189912372:C:T	4	189912372	-0.218523389121527	0.08009620605773	0.00636691276212788	0.0191007382863837	0.144130421305844	0.216195631958766
chr4:154030957:C:G	4	154030957	-0.29356301236382	0.107736220707355	0.00643343748503048	0.0193003124550914	0.825076725802958	0.825076725802958
