SNP	CHR	POS	est	stderr	pval	qval	pval.het	qval.het
chr8:106920372:G:A	8	106920372	-0.961459608099666	0.27456110493796	0.00046211670739068	0.00138635012217204	0.118689470831547	0.35606841249464
chr22:48785864:A:G	22	48785864	0.826074036280013	0.245121952439786	0.00075153654935899	0.00225460964807697	0.658578178029376	0.658578178029376
chr5:153541577:C:T	5	153541577	0.848601253714825	0.25509171476857	0.00087896202871038	0.00263688608613114	0.551015075816657	0.551015075816657
chr5:85476293:A:G	5	85476293	0.695274430118496	0.20940903292076	0.00089961353188336	0.00269884059565008	0.711357982404638	0.840776717493146
chr17:53282498:G:T	17	53282498	0.528475395671639	0.164341721817327	0.00130122038552887	0.00390366115658661	0.194669279943452	0.584007839830357
chr8:8710521:T:C	8	8710521	0.598774278900459	0.18946910538914	0.00157620858159379	0.00472862574478138	0.281027337685401	0.388076137407046
chr12:53680144:C:A	12	53680144	-0.544115562705803	0.181447515785691	0.00271090507511702	0.00813271522535105	0.392943988061524	0.516162445695557
chr18:49872731:C:G	18	49872731	0.561194376322639	0.188653270628175	0.00293237244616412	0.00879711733849235	0.736143631979403	0.891685171998228
chr6:47717919:C:A	6	47717919	0.492111889622435	0.167492413255154	0.00330215032750144	0.00990645098250433	0.7350989915658	0.7350989915658
chr22:30662128:G:A	22	30662128	0.514867783428815	0.177455519706662	0.00371510431621518	0.0111453129486455	0.854536825940395	0.854536825940395
