SNP	CHR	POS	est	stderr	pval	qval	pval.het	qval.het
chr4:99262681:C:G	4	99262681	0.398964890021938	0.121642467947798	0.0010387487749937	0.00299741280839463	0.655937572737932	0.948088947591632
chr9:37992585:C:T	9	37992585	0.362949486703646	0.112173478950425	0.00121383649686932	0.00364150949060795	0.960839182585682	0.960839182585682
chr5:142682003:T:C	5	142682003	0.362901657350813	0.112356251669114	0.00123825042017511	0.00371475126052533	0.470824823403749	0.706237235105624
chr13:26494236:G:A	13	26494236	-0.484352814450716	0.150080862396654	0.00124973541934363	0.00374920625803089	0.840003813405867	0.980516455207123
chr8:86323708:T:C	8	86323708	0.351323589948682	0.110826154636564	0.00152416786245771	0.00457250358737312	0.565359117150135	0.565359117150135
chr16:89303022:G:A	16	89303022	0.527107435204213	0.169415781183807	0.00186250278541417	0.00558750835624251	0.563529499904302	0.72545178075738
chr4:99355957:G:T	4	99355957	0.321047245332005	0.107402117953633	0.00279701864026338	0.00839105592079013	0.383969267601507	0.575953901402261
chr11:60456695:C:T	11	60456695	0.612593965980259	0.205061586662944	0.00281392828114003	0.00844178484342008	0.654747690532038	0.654747690532038
chr6:7642514:C:G	6	7642514	0.315080667749494	0.106048760872682	0.00296742482889992	0.00628791018499053	0.719579331586983	0.772019588461713
chr21:22007486:G:T	21	22007486	0.499173588662043	0.169558347650561	0.00324038199893347	0.0097211459968004	0.305958567495109	0.458937851242663
