SNP	CHR	POS	est	stderr	pval	pval.het
chr16:17779668:G:A	16	17779668	0.257613069144243	0.0739988751845948	0.00049896650786431	0.808988842637335
chr2:167199229:C:T	2	167199229	-0.436916336426914	0.139059088380672	0.0016782820278266	0.654365024350052
chr4:99262681:C:G	4	99262681	-0.258267903330037	0.0835686334299132	0.00199827520559639	0.384599057407155
chr20:60073360:C:T	20	60073360	-0.207297393108013	0.0676035880989438	0.00216677379367367	0.530372639640619
chr6:7642514:C:G	6	7642514	-0.192370241289374	0.0671837481257454	0.00419194012332705	0.772019588461712
chr2:119455921:A:G	2	119455921	0.213130510466772	0.0750843217583821	0.00453191908246008	0.465587609504522
chr7:46368666:G:A	7	46368666	-0.369379748456098	0.133478599943434	0.00565169749145833	0.335863065334053
chr5:106773905:G:A	5	106773905	-0.237937884918639	0.0862137103308634	0.00578259016734057	0.918357147578541
chr4:189912372:C:T	4	189912372	-0.218523389121527	0.0800962060577299	0.00636691276212771	0.144130421305843
chr4:154030957:C:G	4	154030957	-0.293563012363819	0.107736220707355	0.00643343748503054	0.82507672580296
