SNP	CHR	POS	est	stderr	pval	pval.het
chr8:106920372:G:A	8	106920372	-0.961459608099666	0.27456110493796	0.000462116707390676	0.118689470831546
chr22:48785864:A:G	22	48785864	0.826074036280012	0.245121952439786	0.000751536549358995	0.658578178029376
chr5:153541577:C:T	5	153541577	0.848601253714825	0.25509171476857	0.000878962028710375	0.551015075816655
chr5:85476293:A:G	5	85476293	0.695274430118496	0.20940903292076	0.000899613531883375	0.711357982404638
chr17:53282498:G:T	17	53282498	0.528475395671639	0.164341721817326	0.00130122038552884	0.194669279943451
chr8:8710521:T:C	8	8710521	0.598774278900458	0.18946910538914	0.0015762085815938	0.281027337685401
chr12:53680144:C:A	12	53680144	-0.544115562705803	0.181447515785691	0.00271090507511703	0.392943988061523
chr18:49872731:C:G	18	49872731	0.56119437632264	0.188653270628175	0.00293237244616409	0.736143631979402
chr6:47717919:C:A	6	47717919	0.492111889622435	0.167492413255154	0.00330215032750148	0.7350989915658
chr22:30662128:G:A	22	30662128	0.514867783428815	0.177455519706662	0.00371510431621519	0.854536825940395
