SNP	CHR	POS	est	stderr	pval
chr11:33037728:T:G	11	33037728	1.69999161853267	0.422290293605114	5.6818891878363e-05
chr6:4395217:T:C	6	4395217	1.70833444760402	0.545104439546426	0.00172465508845232
chr6:104188822:C:G	6	104188822	0.915198915009042	0.300692389662132	0.00233735871285978
chr5:124485921:A:T	5	124485921	0.907904724903619	0.315623923829051	0.00402061705783086
chr6:40300590:T:G	6	40300590	0.986758191981151	0.345485291587308	0.00428811022428877
chr3:193511195:C:T	3	193511195	-1.06324986863881	0.381513523342751	0.00532106666363863
chr6:31413736:A:G	6	31413736	-0.883620343494373	0.322951698278133	0.00621766918511146
chr6:66728980:C:A	6	66728980	-0.88756655490937	0.33041416990458	0.00722645703295954
chr4:182667917:T:G	4	182667917	0.912118343529678	0.343133643508627	0.0078558922986175
chr5:102329838:C:T	5	102329838	0.825676077855598	0.314967269514562	0.00875524218016344
