SNP	est	stderr	pval	feature
chr4:1682869:G:C	0.843579310270862	0.0415239001076115	9.37663189069841e-92	g_Acinetobacter
chr7:81941667:G:C	0.529129392008022	0.0445528741044783	1.56914666824452e-32	g_Acinetobacter
chr3:68821275:C:T	0.645514333436558	0.0544351317718292	1.94626580639509e-32	g_Acinetobacter
chr15:54854424:C:T	0.238570169955839	0.0421742035634303	1.54239714882491e-08	f_Bifidobacteriaceae
