SNP	CHR	POS	pval	pheno
chr7:119808046:G:A	7	119808046	0.000403954973025034	g1
chr8:106920372:G:A	8	106920372	0.000497889589396339	g2
chr16:69246420:T:C	16	69246420	0.0010166816158852	g1
chr17:53282498:G:T	17	53282498	0.00104479849472539	g2
chr4:189912372:C:T	4	189912372	0.00177116038686675	g1
chr12:126449337:A:G	12	126449337	0.00206237496030404	g2
chr19:21659434:G:C	19	21659434	0.00410254567753388	g3
chr4:99355957:G:T	4	99355957	0.00436097713194772	g3
chr4:99262681:C:G	4	99262681	0.00439731508194963	g3
chr11:115616504:A:T	11	115616504	0.00449348019310702	g2
chr1:204277152:T:C	1	204277152	0.00587968841494524	g1
chr3:168053836:T:C	3	168053836	0.00603829304147685	g2
chr9:5461379:C:T	9	5461379	0.00716795375948931	g2
chr16:89303022:G:A	16	89303022	0.00743011017932138	g3
chr17:18684803:A:G	17	18684803	0.00767015178596409	g2
chr6:54457248:C:T	6	54457248	0.00787570048017983	g3
chr1:237308322:A:G	1	237308322	0.0083578226716744	g1
chr8:65343369:C:A	8	65343369	0.00845110869375709	g3
chr2:143920023:G:T	2	143920023	0.00880831701409457	g1
