SNP	CHR	POS	est	stderr	pval
chr7:119808046:G:A	7	119808046	0.539312810872615	0.152456503940992	0.000403954973025034
chr16:69246420:T:C	16	69246420	-0.554058663207649	0.168618592987322	0.0010166816158852
chr4:189912372:C:T	4	189912372	-0.46256513461793	0.147966772630908	0.00177116038686675
chr1:204277152:T:C	1	204277152	-0.431995318880997	0.15683732394383	0.00587968841494524
chr1:237308322:A:G	1	237308322	0.505365151601847	0.191624924802316	0.0083578226716744
chr2:143920023:G:T	2	143920023	0.436344592436214	0.166581535425703	0.00880831701409457
chr4:99262681:C:G	4	99262681	-0.419827902316533	0.164772248507478	0.0108364689252588
chr14:100721312:C:T	14	100721312	-0.468722037108439	0.191908835127131	0.0145891500380143
chr19:21659434:G:C	19	21659434	-0.408490460934637	0.169133864539104	0.0157269925967307
chr7:145116884:A:G	7	145116884	0.369593966610026	0.154305147925039	0.0166106332426561
